78
1 2 57
1 42 52
3 42 57
3 4 111
3 15 86
3 8 135
2 4 78
2 43 65
2 46 83
1 4 76
42 4 85
3 19 162
4 8 71
4 46 79
46 5 54
43 44 151
44 45 87
45 6 38
6 7 37
7 51 64
8 53 34
53 54 33
54 9 20
9 47 30
47 48 20
8 47 96
5 47 53
11 44 161
48 49 34
49 50 116
50 11 43
49 55 29
55 11 101
45 50 51
5 48 64
6 50 63
6 51 101
50 51 51
51 12 50
51 52 28
52 11 45
52 14 76
12 14 67
52 6 103
10 55 53
10 56 41
56 57 76
57 13 53
11 13 72
13 52 36
13 14 80
9 55 114
10 59 107
59 9 55
16 53 46
16 62 15
62 19 38
19 15 128
19 76 70
76 18 53
18 15 53
76 65 39
64 18 38
64 24 69
24 65 38
20 62 37
20 63 68
63 21 60
21 59 101
20 58 53
58 16 78
58 54 49
58 59 34
21 17 36
17 10 64
17 57 113
70 17 120
70 30 50
65 33 105
65 66 57
66 19 34
66 67 40
67 25 60
25 33 79
20 26 99
26 25 116
26 68 105
68 21 104
21 69 59
69 28 80
69 29 60
28 29 51
28 72 30
26 27 72
27 72 31
72 38 69
38 29 63
30 38 106
30 29 68
29 39 106
30 22 60
22 60 35
60 13 47
14 61 42
61 60 58
61 23 81
23 31 10
31 32 77
32 41 105
41 75 23
75 74 42
74 38 67
74 39 13
74 40 19
39 32 123
39 30 71
39 31 70
30 31 81
23 22 71
38 37 58
37 40 133
37 73 59
38 73 68
73 36 42
73 72 56
33 71 58
71 25 63
71 34 25
34 35 48
35 27 52
34 78 45
78 77 47
77 36 28
77 27 94
78 35 37
35 26 81