78
1 2 62
1 42 73
3 42 72
3 4 118
3 15 115
3 8 156
2 4 86
2 43 62
2 46 87
1 4 97
42 4 115
3 19 188
4 8 82
4 46 85
46 5 58
43 44 150
44 45 91
45 6 38
6 7 39
7 51 76
8 53 34
53 54 55
54 9 33
9 47 33
47 48 25
8 47 103
5 47 60
11 44 160
48 49 45
49 50 116
50 11 43
49 55 36
55 11 88
45 50 64
5 48 63
6 50 59
6 51 101
50 51 57
51 12 47
51 52 38
52 11 50
52 14 83
12 14 66
52 6 108
10 55 57
10 56 45
56 57 79
57 13 50
11 13 62
13 52 43
13 14 84
9 55 107
10 59 100
59 9 54
16 53 69
16 62 19
62 19 73
19 15 155
19 76 102
76 18 69
18 15 65
76 65 46
64 18 41
64 24 75
24 65 43
20 62 62
20 63 81
63 21 66
21 59 118
20 58 52
58 16 82
58 54 44
58 59 39
21 17 34
17 10 69
17 57 110
70 17 112
70 30 51
65 33 116
65 66 71
66 19 39
66 67 49
67 25 58
25 33 83
20 26 104
26 25 115
26 68 85
68 21 86
21 69 47
69 28 68
69 29 67
28 29 49
28 72 27
26 27 61
27 72 50
72 38 80
38 29 78
30 38 108
30 29 71
29 39 125
30 22 73
22 60 47
60 13 58
14 61 53
61 60 60
61 23 102
23 31 16
31 32 97
32 41 132
41 75 37
75 74 82
74 38 106
74 39 20
74 40 27
39 32 158
39 30 89
39 31 96
30 31 105
23 22 85
38 37 62
37 40 143
37 73 69
38 73 70
73 36 49
73 72 72
33 71 75
71 25 75
71 34 35
34 35 56
35 27 69
34 78 55
78 77 55
77 36 32
77 27 102
78 35 41
35 26 88
61 22 87
77 73 49
5 44 122
57 60 38
4 46 99
46 8 59