78
1 2 82
1 42 55
3 42 66
3 15 133
3 8 229
2 46 148
42 4 114
46 5 90
44 45 119
45 6 45
6 7 98
8 53 88
53 54 69
54 9 74
9 47 48
47 48 40
48 49 98
49 55 63
5 48 97
6 51 72
50 51 100
51 12 37
51 52 59
52 14 171
12 14 63
52 6 74
10 55 89
10 56 65
56 57 103
11 13 63
13 52 29
16 53 86
16 62 26
62 19 80
19 15 140
19 76 146
76 18 120
18 15 92
76 65 104
64 18 75
64 24 117
24 65 67
20 62 108
20 63 94
63 21 78
21 59 209
20 58 79
58 16 77
58 59 26
21 17 28
17 10 56
17 57 199
65 33 145
66 19 53
66 67 75
67 25 83
20 26 160
21 69 58
69 29 50
28 72 30
27 72 55
72 38 65
38 29 40
30 29 71
29 39 179
30 22 68
22 60 45
60 13 36
14 61 49
61 23 129
23 31 26
32 41 233
41 75 23
75 74 62
74 38 63
74 39 27
74 40 29
30 31 80
23 22 125
37 73 94
38 73 48
73 36 105
33 71 101
71 25 76
71 34 25
34 35 67
35 27 100
34 78 43
78 77 52
77 36 50
78 35 75
35 26 135
61 22 93
77 73 49
5 44 140
57 60 43
4 46 131
46 8 68